6
(9 9 9 9 9 3 9 5 2.5 5.5)
8
(11 11 11 11 11 4 11 6.5 3.375 7)
10
(11 11 11 11 11 5 11 8 4.25 8.75)
12
(14 13 10 32 11 6 10 9 5.125 10)
14
(11 11 11 11 11 7 11 10.5 6 11.5)
15
(18 16 11.5 40 11.5 7.5 11.5 11 11 0)
16
(18 16 11.5 43 12.5 8 11.5 12 7 13)
20
(23 18.5 13 54 14 10 13 15 8.75 16)
24
(28 20.5 16 62 17.5 12.5 16 18 10.5 18.5)
25
(28 20.5 16 62 17.5 12.5 16 15 12 0)
30
(33 24 18.5 68 19.5 15 18.5 17.5 15 24)
35
(38 27.5 20.5 78 23.5 17.5 20.5 20.5 19 0)
40
(43 31 24 85 26 20 24 24 22)
45
(48 35 27.5 92 28 22.5 27.5)
50
(53 38.5 29 101 32.5 25 29)
60
(60 44 35 113 37.5 30 35)
70
(70 50 38.5 125 44 35 38.5)
80
(72 58 44 136 48 40 44)
10000
(88 5500 8585 12456 11111 10000 1000 10000)
0.25
(0 0 0 0 0 3.175 0 5.5 2.55)
0.312
(0 0 0 0 0 3.97 0 7 3.3)
0.375
(0 0 0 0 0 4.7625 0 8.5 4)
0.437
(0 0 0 0 0 5.556 0 9 4.6)
0.5
(17 11.5 8.5 0 0 6.35 10 10 5.4)
0.625
(18 13 10 0 0 7.9375 11.5 11.5 6.75)
0.75
(23 18.5 13 54 14 9.525 13 13 8.25)
0.875
(25 18.5 14.5 60 16 11.1125 14.5 16 9.75)
1
(28 20.5 16 62  14 12.7 16 18.5 11)
1.25
(35 24 20.5 75 17.5 15.875 20.5 0 0)
1.5
(40 29 24 87 25 19.05 24 0 0) 
1.75
(44 31 27.5 0 0 0 0 0 0)
2
(49 35 29 0 0 0 0 0 0)
;********简介********
;(边距 托司介子头 钉介子头 水口钉距 水口钉避空吼 配件大小 回钉介子头 杯头介子头 牙孔)
