(CS0 5.5 2.5)
(CS1 7.0 3.3)
(CS2 8.5 4.2)
(CS3 10.0 5.0)
(CS4 13.0 6.75)
(CS5 16.0 8.5)
(CS6 18.0 10.25)
(CS7 21.0 12.0)
(CS8 24.0 14.0)
(CS9 30.0 17.5)
(CS10 36.0 21.0)
(CS11 45.0 26.5)
(CS12 54.0 32.0)
(CS13 10.0 5.1)
(CS14 13.0 6.6)
(CS15 16.0 8.0)
(CS16 16.5 9.2)
(CS17 19.0 10.5)
(CS18 22.0 13.5)
(CS19 25.0 16.5)
(CS20 31.0 19.5)
(CS21 36.0 22.0)
(EB0 23.0 10.25)
(EB1 28.0 14.0)
(EB2 30.0 17.5)
(EB3 38.0 21.0)
(EB4 55.0 32.0)
(EB5 65.0 37.0)
(GP0 17.0 5.0 2.5 3.0 20.0)
(GP1 20.0 6.0 2.5 3.0 20.0)
(GP2 25.0 6.0 2.5 3.0 20.0)
(GP3 30.0 8.0 2.5 3.0 25.0)
(GP4 35.0 8.0 3.0 3.0 30.0)
(GP5 40.0 8.0 3.0 4.0 30.0)
(GP6 45.0 10.0 4.0 4.0 40.0)
(GP7 50.0 10.0 4.0 4.0 40.0)
(GP8 56.0 12.0 5.0 4.0 50.0)
(GP9 66.0 15.0 5.0 4.0 50.0)
(GP10 76.0 15.0 5.0 4.0 50.0)
(GP11 86.0 20.0 5.0 4.0 50.0)
(GP12 15.9 4.76 2.5 3.0 20.0)
(GP13 19.1 4.76 2.5 3.0 20.0)
(GP14 25.4 4.76 2.5 3.0 20.0)
(GP15 28.6 6.35 2.5 3.0 20.0)
(GP16 31.8 6.35 2.5 3.0 25.0)
(GP17 38.1 7.94 3.0 4.0 30.0)
(GP18 44.5 7.94 4.0 4.0 40.0)
(GP19 50.8 9.53 4.0 4.0 40.0)
(GP20 57.2 9.53 5.0 4.0 50.0)
(GP21 63.5 9.53 5.0 4.0 50.0)
(GP22 69.9 9.53 5.0 4.0 50.0)
(GP23 85.7 12.7 5.0 4.0 50.0)
(GB0 25.0 30.0 6.0)
(GB1 30.0 35.0 8.0)
(GB2 35.0 40.0 8.0)
(GB3 42.0 47.0 10.0)
(GB4 48.0 54.0 10.0)
(GB5 55.0 61.0 10.0)
(GB6 60.0 66.0 12.0)
(GB7 70.0 76.0 12.0)
(GB8 80.0 86.0 15.0)
(GB9 90.0 96.0 15.0)
(GB10 105.0 113.0 15.0)
(GB11 19.05 22.23 4.76)
(GB12 22.23 25.4  4.76)
(GB13 28.58 33.34 4.76)
(GB14 31.75 36.51 4.76)
(GB15 34.93 39.69 4.76)
(GB16 41.28 46.04 4.76)
(GB17 50.8  55.56 9.53)
(GB18 57.15 61.92 9.53)
(GB19 63.5  68.26 9.53)
(GB20 76.2  80.96 9.53)
(GB21 82.55 87.31 9.53)
(GB22 95.25 101.6 12.7)
(SP0 20.0  8.0  8.0  8.0  20.0 13.0 6.75 2.5 3.0 20.0)
(SP1 25.0  10.0 10.0 10.0 24.0 16.0 8.5  2.5 3.0 20.0)
(SP2 30.0  10.0 10.0 12.0 24.0 18.0 10.25 2.5 3.0 25.0)
(SP3 35.0  15.0 15.0 16.0 32.0 24.0 14.0 3.0 3.0 30.0)
(SP4 40.0  15.0 15.0 16.0 32.0 24.0 14.0 3.0 4.0 30.0)
(SP5 45.0  15.0 15.0 16.0 32.0 24.0 14.0 4.0 4.0 40.0)
(SP6 50.0  18.0 18.0 16.0 32.0 24.0 14.0 4.0 4.0 40.0)
(SP7 56.0  18.0 18.0 16.0 40.0 24.0 14.0 5.0 4.0 50.0)
(SP8 66.0  20.0 20.0 20.0 40.0 30.0 17.5 5.0 4.0 50.0)
(SP9 76.0  20.0 20.0 20.0 40.0 30.0 17.5 5.0 4.0 50.0)
(SP10 86.0 20.0 15.0 20.0 40.0 30.0 17.5 5.0 4.0 50.0)
(SP11 15.9 4.76 4.76 8.0  20.0 13.0 6.75 2.5 3.0 20.0)
(SP12 19.1 4.76 4.76 8.0  20.0 13.0 6.75 2.7 3.0 20.0)
(SP13 25.4 4.76 4.76 10.0 24.0 16.0 8.5  2.5 3.0 20.0)
(SP14 28.6 6.35 6.35 10.0 24.0 16.0 8.5  2.5 3.0 25.0)
(SP15 31.8 6.35 6.35 10.0 24.0 16.0 8.5  2.5 3.0 25.0)
(SP16 38.1 7.94 7.94 16.0 32.0 24.0 14.0 3.0 4.0 30.0)
(SP17 44.5 7.94 7.94 16.0 32.0 24.0 14.0 4.0 4.0 40.0)
(SP18 50.8 9.53 9.53 16.0 32.0 24.0 14.0 4.0 4.0 40.0)
(SP19 57.2 9.53 9.53 16.0 32.0 24.0 14.0 5.0 4.0 50.0)
(SP20 63.5 9.53 9.53 20.0 40.0 30.0 17.5 5.0 4.0 50.0)
(SP21 69.9 9.53 9.53 20.0 40.0 30.0 17.5 5.0 4.0 50.0)
(SP22 85.7 12.7 12.7 20.0 40.0 30.0 17.5 5.0 4.0 50.0)
(EGB0 25.0 30.0 6.0 14.0 14.0)
(EGB1 30.0 35.0 8.0 14.0 14.0)
(EGB2 35.0 40.0 8.0 19.0 14.0)
(EGB3 42.0 47.0 10.0 19.0 19.0)
(EGB4 48.0 54.0 10.0 24.0 19.0)
(EGB5 55.0 61.0 10.0 24.0 24.0)
(EGB6 70.0 76.0 12.0 29.0 24.0)
(EGB7 22.2 25.4 4.76 14.0 14.0)
(EGB8 28.6 30.2 4.76 14.0 14.0)
(EGB9 31.8 36.5 4.76 14.0 14.0)
(EGB10 34.9 39.7 4.76 19.0 14.0)
(EGB11 41.3 46.0 4.76 19.0 19.0)
(EGB12 50.8 55.6 9.53 24.0 19.0)
(SGP0 30 35 8)
(SGP1 35 40 8)
(SGP2 42 47 10)
(SGP3 48 54 10)
(SGP4 55 61 12)
(SGP5 70 76 15)
(SGP6 80 86 15)
(ORI0 1.2 9 7.5 1.5)
(ORI1 1.6 10 8 2)
(ORI2 1.9 14.2 11.8 2.4)
(ORI3 1.9 16.3 13.9 2.4)
(ORI4 1.9 19.9 17.5 2.4)
(ORI5 1.9 25.7 23.3 2.4)
(ORI6 1.9 27.7 25.3 2.4)
(ORI7 2.4 33.2 30.2 3)
(ORI8 2.4 39 36 3)